8435e+04 +9.348859e+01 -2.534312e+03 -1.112135e+01 +1.651758e+03 +0.000000e+00 +9.024717e+01 +3.378362e+02 -1.280862e+04 -1.558231e+00 +1.346844e-01 +0.000000e+00 +0.000000e+00
21:23:58 +3.991286e+01 -1.051182e+02 +1.824369e+01 -1.645202e+00 +8.298644e+02 +3.487246e+02 +7.036400e-01 +1.573723e+00 +2.868472e+02 +1.604495e-01 +1.051895e-01 +7.113491e+03 +9.348866e+01 -2.538356e+03 -1.112136e+01 +1.651744e+03 +0.000000e+00 +8.834618e+01 +3.379446e+02 +7.083020e+03 -1.557956e+00 +1.346844e-01 +0.000000e+00 +0.000000e+00
21:23:59 +3.991287e+01 -1.051182e+02 +1.824468e+01 -1.644399e+00 +8.298671e+02 +3.487211e+02 +7.036400e-01 +1.578217e+00 +2.868472e+02 +1.604508e-01 +1.051937e-01 +2.422602e+04 +9.349391e+01 -2.539021e+03 -1.112002e+01 +1.651718e+03 +0.000000e+00 +8.799615e+01 +3.379622e+02 +2.419454e+04 -1.557650e+00 +1.346844e-01 +0.000000e+00 +0.000000e+00
21:24:00 +3.991287e+01 -1.051182e+02 +1.824598e+01 -1.642792e+00 +8.298738e+02 +3.487230e+02 +7.036400e-01 +1.569411e+00 +2.868472e+02 +1.604520e-01 +1.051978e-01 +3.883968e+04 +9.348889e+01 -2.537000e+03 -1.112114e+01 +1.651651e+03 +0.000000e+00 +8.903271e+01 +3.379066e+02 +3.881127e+04 -1.558065e+00 +1.346844e-01 +0.000000e+00 +0.000000e+00
21:24:01 +3.991287e+01 -1.051182e+02 -2.731533e+02 -1.639578e+00 +5.000000e+01 +3.487323e+02 +7.033241e-01 +1.570097e+00 +2.868472e+02 +1.604533e-01 +1.052020e-01 +5.121485e+04 +7.906122e+02 +5.776341e+00 -1.200391e-02 +1.931472e+04 +0.000000e+00 +7.874470e+02 +3.485487e+02 +5.128472e+04 -2.672748e-01 +1.346844e-01 +0.000000e+00 +0.000000e+00
21:24:02 +3.991287e+01 -1.051182e+02 +1.824751e+01 -1.640382e+00 +8.298549e+02 +3.487280e+02 +7.036400e-01 +1.571563e+00 +2.868472e+02 +1.604545e-01 +1.052061e-01 +6.165541e+04 +9.349450e+01 -2.533619e+03 -1.111998e+01 +1.651837e+03 +0.000000e+00 +9.053539e+01 +3.378274e+02 +6.163222e+04 -1.558043e+00 +1.346844e-01 +0.000000e+00 +0.000000e+00
21:24:03 +3.991287e+01 -1.051182e+02 -2.731533e+02 -1.637971e+00 +5.000000e+01 +3.487283e+02 +7.036400e-01 +1.579322e+00 +2.868472e+02 +1.604558e-01 +1.052102e-01 +7.029930e+04 +7.906141e+02 +5.776341e+00 -1.200391e-02 +1.931472e+04 +0.000000e+00 +7.874493e+02 +3.485438e+02 +7.036917e+04 -2.672384e-01 +1.346844e-01 +0.000000e+00 +0.000000e+00
21:24:04 +3.991287e+01 -1.051182e+02 +1.824800e+01 -1.637971e+00 +8.298589e+02 +3.487298e+02 +7.036400e-01 +1.575690e+00 +2.868472e+02 +1.604570e-01 +1.052143e-01 +7.734241e+04 +9.349351e+01 -2.539083e+03 -1.112018e+01 +1.651797e+03 +0.000000e+00 +8.796243e+01 +3.379712e+02 +7.731083e+04 -1.557775e+00 +1.346844e-01 +0.000000e+00 +0.000000e+00
21:24:05 +3.991287e+01 -1.051182e+02 +1.824263e+01 -1.638775e+00 +8.298105e+02 +3.487213e+02 +7.036400e-01 +1.578296e+00 +2.868472e+02 +1.604583e-01 +1.052184e-01 +8.296233e+04 +9.356583e+01 -2.518717e+03 -1.110325e+01 +1.652271e+03 +0.000000e+00 +9.352878e+01 +3.374746e+02 +8.296276e+04 -1.557187e+00 +1.346844e-01 +0.000000e+00 +0.000000e+00
21:24:06 +3.991287e+01 -1.051182e+02 +1.824092e+01 -1.641185e+00 +8.297956e+02 +3.487205e+02 +7.036400e-01 +1.577190e+00 +2.868472e+02 +1.604595e-01 +1.052225e-01 +8.725272e+04 +9.358259e+01 -2.505756e+03 -1.109938e+01 +1.652417e+03 +0.000000e+00 +9.115311e+01 +3.371548e+02 +8.727375e+04 -1.557176e+00 +1.346844e-01 +0.000000e+00 +0.000000e+00
21:24:07 +3.991286e+01 -1.051182e+02     +nan -1.641185e+00 +6.943355e+17 +3.487206e+02 +7.036400e-01 +1.585375e+00 +2.868472e+02 +1.604608e-01 +1.052265e-01 +9.039086e+04     +nan +0.000000e+00 +0.000000e+00 -2.943491e+07 +0.000000e+00     +nan     +nan     +nan     +nan +1.346844e-01     +nan     +nan
21:24:08 +3.991286e+01 -1.051182e+02 +1.825047e+01 -1.642792e+00 +8.298522e+02 +3.487221e+02 +7.036400e-01 +1.575769e+00 +2.868472e+02 +1.604620e-01 +1.052306e-01 -1.967364e+04 +9.349820e+01 -2.529342e+03 -1.111904e+01 +1.651863e+03 +0.000000e+00 +9.199519e+01 +3.377166e+02 -1.969013e+04 -1.557891e+00 +1.346844e-01 +0.000000e+00 +0.000000e+00
21:24:09 +3.991286e+01 -1.051182e+02 +1.824725e+01 -1.643595e+00 +8.298295e+02 +3.487214e+02 +7.036400e-01 +1.577585e+00 +2.868472e+02 +1.604632e-01 +1.052346e-01 -1.147001e+05 +9.354752e+01 -2.514750e+03 -1.110706e+01 +1.652085e+03 +0.000000e+00 +9.326584e+01 +3.373739e+02 -1.146933e+05 -1.557179e+00 +1.346844e-01 +0.000000e+00 +0.000000e+00
21:24:10 +3.991286e+01 -1.051182e+02 +1.824682e+01 -1.642792e+00 +8.298417e+02 +3.487216e+02 +7.036400e-01 +1.575216e+00 +2.868472e+02 +1.604645e-01 +1.052387e-01 -8.402867e+04 +9.353648e+01 -2.519383e+03 -1.110934e+01 +1.651966e+03 +0.000000e+00 +9.349837e+01 +3.374844e+02 -8.402930e+04 -1.557498e+00 +1.346844e-01 +0.000000e+00 +0.000000e+00
21:24:11 +3.991286e+01 -1.051182e+02 -2.731533e+02 -1.645202e+00 +5.000000e+01 +3.487216e+02 +7.036400e-01 +1.573915e+00 +2.868472e+02 +1.604657e-01 +1.052427e-01 -5.712076e+04 +7.906193e+02 +5.776341e+00 -1.200391e-02 +1.931472e+04 +0.000000e+00 +7.874545e+02 +3.485377e+02 -5.705089e+04 -2.672769e-01 +1.346844e-01 +0.000000e+00 +0.000000e+00
21:24:12 +3.991286e+01 -1.051182e+02 +1.825809e+01 -1.645202e+00 +8.299088e+02 +3.487223e+02 +7.036400e-01 +1.569387e+00 +2.868472e+02 +1.604669e-01 +1.052467e-01 -3.353915e+04 +9.342122e+01 -2.557814e+03 -1.113656e+01 +1.651309e+03 +0.000000e+00 +7.330769e+01 +3.385247e+02 -3.359701e+04 -1.558807e+00 +1.346844e-01 +0.000000e+00 +0.000000e+00
21:24:13 +3.991286e+01 -1.051182e+02     +nan -1.641989e+00 +6.943355e+17 +3.487175e+02 +7.036400e-01 +1.577918e+00 +2.868472e+02 +1.604681e-01 +1.052507e-01 -1.306911e+04     +nan +0.000000e+00 +0.000000e+00 -2.943491e+07 +0.000000e+00     +nan     +nan     +nan     +nan +1.346844e-01     +nan     +nan
21:24:14 +3.991286e+01 -1.051182e+02 +1.825325e+01 -1.642792e+00 +8.298562e+02 +3.487152e+02 +7.038666e-01 +1.578691e+00 +2.868472e+02 +1.604693e-01 +1.052547e-01 -1.076515e+05 +9.350020e+01 -2.532264e+03 -1.111764e+01 +1.651824e+03 +0.000000e+00 +9.105510e+01 +3.377845e+02 -1.076726e+05 -1.558032e+00 +1.346844e-01 +0.000000e+00 +0.000000e+00
21:24:15 +3.991286e+01 -1.051182e+02 +1.825511e+01 -1.643595e+00 +8.298562e+02 +3.487165e+02 +7.074955e-01 +1.581218e+00 +2.868472e+02 +1.604705e-01 +1.052586e-01 -1.888070e+05 +9.350371e+01 -2.530466e+03 -1.111671e+01 +1.651824e+03 +0.000000e+00 +9.166405e+01 +3.377419e+02 -1.888253e+05 -1.557988e+00 +1.346844e-01 +0.000000e+00 +0.000000e+00
21:24:16 +3.991286e+01 -1.051182e+02 +1.825944e+01 -1.643595e+00 +8.298738e+02 +3.487201e+02 +7.075745e-01 +1.575453e+00 +2.868472e+02 +1.602615e-01 +1.046635e-01 -1.457291e+05 +9.348794e+01 -2.531965e+03 -1.112032e+01 +1.651651e+03 +0.000000e+00 +9.114940e+01 +3.377782e+02 -1.457497e+05 -1.558139e+00 +1.346844e-01 +0.000000e+00 +0.000000e+00
21:24:17 +3.991286e+01 -1.051182e+02 +1.826479e+01 -1.645202e+00 +8.298979e+02 +3.487222e+02 +7.074165e-01 +1.575374e+00 +2.868472e+02 +1.601884e-01 +1.045257e-01 -1.077446e+05 +9.343552e+01 -2.546925e+03 -1.113269e+01 +1.651416e+03 +0.000000e+00 +8.285781e+01 +3.381706e+02 -1.077877e+05 -1.558519e+00 +1.346844e-01 +0.000000e+00 +0.000000e+00
21:24:18 +3.991286e+01 -1.051182e+02 +1.826570e+01 -1.644399e+00 +8.298966e+02 +3.487205e+02 +7.074165e-01 +1.575848e+00 +2.868472e+02 +1.601106e-01 +1.043829e-01 -7.436102e+04 +9.344199e+01 -2.543794e+03 -1.113097e+01 +1.651429e+03 +0.000000e+00 +8.506823e+01 +3.380804e+02 -7.439959e+04 -1.558168e+00 +1.346844e-01 +0.000000e+00 +0.000000e+00
21:24:19 +3.991286e+01 -1.051182e+02 +1.826241e+01 -1.644399e+00 +8.298738e+02 +3.487156e+02 +7.074165e-01 +1.587332e+00 +2.868472e+02 +1.600279e-01 +1.042351e-01 -4.51